matching = COLORCNN
num-layers = 3
inference = CRF
lambda = 0.2
L1 = 0.91058964
L2 = 8.22399139
delta = 2.0
alpha = 20
beta = 0.9
crf-iterations = 5
