matching = COLORCNN
num-layers = 7
inference = CRF
lambda = 0.4
L1 =  0.90007925
L2 = 9.19180107
delta = 2.0
alpha = 20
beta = 0.9
crf-iterations = 5
